<?xml version="1.0"?>
<opencv_storage>
<CameraMatrix type_id="opencv-matrix">
  <rows>3</rows>
  <cols>3</cols>
  <dt>d</dt>
  <data>
    2.5391177063125400e+02 0. 1.5399115859339329e+02 0.
    2.5444552155537241e+02 1.2285464844908289e+02 0. 0. 1.</data></CameraMatrix>
<distCoeffs type_id="opencv-matrix">
  <rows>1</rows>
  <cols>5</cols>
  <dt>d</dt>
  <data>
    9.0040898098550301e-02 -1.9220036455948375e-01
    -1.8198605161031620e-04 -2.5300308814588433e-04
    2.7296857122238231e-02</data></distCoeffs>
<calibrateImageSize>
  320 240</calibrateImageSize>
<objectPTS>
  <_>
    0. 0. 0. 0. 150. 0. 0. 300. 0. 0. 450. 0. 0. 600. 0. 0. 750. 0. 0.
    900. 0. 0. 1050. 0. 0. 1200. 0. 0. 1350. 0. 0. 1500. 0. 150. 0. 0.
    150. 150. 0. 150. 300. 0. 150. 450. 0. 150. 600. 0. 150. 750. 0.
    150. 900. 0. 150. 1050. 0. 150. 1200. 0. 150. 1350. 0. 150. 1500. 0.
    300. 0. 0. 300. 150. 0. 300. 300. 0. 300. 450. 0. 300. 600. 0. 300.
    750. 0. 300. 900. 0. 300. 1050. 0. 300. 1200. 0. 300. 1350. 0. 300.
    1500. 0. 450. 0. 0. 450. 150. 0. 450. 300. 0. 450. 450. 0. 450. 600.
    0. 450. 750. 0. 450. 900. 0. 450. 1050. 0. 450. 1200. 0. 450. 1350.
    0. 450. 1500. 0. 600. 0. 0. 600. 150. 0. 600. 300. 0. 600. 450. 0.
    600. 600. 0. 600. 750. 0. 600. 900. 0. 600. 1050. 0. 600. 1200. 0.
    600. 1350. 0. 600. 1500. 0. 750. 0. 0. 750. 150. 0. 750. 300. 0.
    750. 450. 0. 750. 600. 0. 750. 750. 0. 750. 900. 0. 750. 1050. 0.
    750. 1200. 0. 750. 1350. 0. 750. 1500. 0. 900. 0. 0. 900. 150. 0.
    900. 300. 0. 900. 450. 0. 900. 600. 0. 900. 750. 0. 900. 900. 0.
    900. 1050. 0. 900. 1200. 0. 900. 1350. 0. 900. 1500. 0. 1050. 0. 0.
    1050. 150. 0. 1050. 300. 0. 1050. 450. 0. 1050. 600. 0. 1050. 750.
    0. 1050. 900. 0. 1050. 1050. 0. 1050. 1200. 0. 1050. 1350. 0. 1050.
    1500. 0.</_>
  <_>
    0. 0. 0. 0. 150. 0. 0. 300. 0. 0. 450. 0. 0. 600. 0. 0. 750. 0. 0.
    900. 0. 0. 1050. 0. 0. 1200. 0. 0. 1350. 0. 0. 1500. 0. 150. 0. 0.
    150. 150. 0. 150. 300. 0. 150. 450. 0. 150. 600. 0. 150. 750. 0.
    150. 900. 0. 150. 1050. 0. 150. 1200. 0. 150. 1350. 0. 150. 1500. 0.
    300. 0. 0. 300. 150. 0. 300. 300. 0. 300. 450. 0. 300. 600. 0. 300.
    750. 0. 300. 900. 0. 300. 1050. 0. 300. 1200. 0. 300. 1350. 0. 300.
    1500. 0. 450. 0. 0. 450. 150. 0. 450. 300. 0. 450. 450. 0. 450. 600.
    0. 450. 750. 0. 450. 900. 0. 450. 1050. 0. 450. 1200. 0. 450. 1350.
    0. 450. 1500. 0. 600. 0. 0. 600. 150. 0. 600. 300. 0. 600. 450. 0.
    600. 600. 0. 600. 750. 0. 600. 900. 0. 600. 1050. 0. 600. 1200. 0.
    600. 1350. 0. 600. 1500. 0. 750. 0. 0. 750. 150. 0. 750. 300. 0.
    750. 450. 0. 750. 600. 0. 750. 750. 0. 750. 900. 0. 750. 1050. 0.
    750. 1200. 0. 750. 1350. 0. 750. 1500. 0. 900. 0. 0. 900. 150. 0.
    900. 300. 0. 900. 450. 0. 900. 600. 0. 900. 750. 0. 900. 900. 0.
    900. 1050. 0. 900. 1200. 0. 900. 1350. 0. 900. 1500. 0. 1050. 0. 0.
    1050. 150. 0. 1050. 300. 0. 1050. 450. 0. 1050. 600. 0. 1050. 750.
    0. 1050. 900. 0. 1050. 1050. 0. 1050. 1200. 0. 1050. 1350. 0. 1050.
    1500. 0.</_>
  <_>
    0. 0. 0. 0. 150. 0. 0. 300. 0. 0. 450. 0. 0. 600. 0. 0. 750. 0. 0.
    900. 0. 0. 1050. 0. 0. 1200. 0. 0. 1350. 0. 0. 1500. 0. 150. 0. 0.
    150. 150. 0. 150. 300. 0. 150. 450. 0. 150. 600. 0. 150. 750. 0.
    150. 900. 0. 150. 1050. 0. 150. 1200. 0. 150. 1350. 0. 150. 1500. 0.
    300. 0. 0. 300. 150. 0. 300. 300. 0. 300. 450. 0. 300. 600. 0. 300.
    750. 0. 300. 900. 0. 300. 1050. 0. 300. 1200. 0. 300. 1350. 0. 300.
    1500. 0. 450. 0. 0. 450. 150. 0. 450. 300. 0. 450. 450. 0. 450. 600.
    0. 450. 750. 0. 450. 900. 0. 450. 1050. 0. 450. 1200. 0. 450. 1350.
    0. 450. 1500. 0. 600. 0. 0. 600. 150. 0. 600. 300. 0. 600. 450. 0.
    600. 600. 0. 600. 750. 0. 600. 900. 0. 600. 1050. 0. 600. 1200. 0.
    600. 1350. 0. 600. 1500. 0. 750. 0. 0. 750. 150. 0. 750. 300. 0.
    750. 450. 0. 750. 600. 0. 750. 750. 0. 750. 900. 0. 750. 1050. 0.
    750. 1200. 0. 750. 1350. 0. 750. 1500. 0. 900. 0. 0. 900. 150. 0.
    900. 300. 0. 900. 450. 0. 900. 600. 0. 900. 750. 0. 900. 900. 0.
    900. 1050. 0. 900. 1200. 0. 900. 1350. 0. 900. 1500. 0. 1050. 0. 0.
    1050. 150. 0. 1050. 300. 0. 1050. 450. 0. 1050. 600. 0. 1050. 750.
    0. 1050. 900. 0. 1050. 1050. 0. 1050. 1200. 0. 1050. 1350. 0. 1050.
    1500. 0.</_>
  <_>
    0. 0. 0. 0. 150. 0. 0. 300. 0. 0. 450. 0. 0. 600. 0. 0. 750. 0. 0.
    900. 0. 0. 1050. 0. 0. 1200. 0. 0. 1350. 0. 0. 1500. 0. 150. 0. 0.
    150. 150. 0. 150. 300. 0. 150. 450. 0. 150. 600. 0. 150. 750. 0.
    150. 900. 0. 150. 1050. 0. 150. 1200. 0. 150. 1350. 0. 150. 1500. 0.
    300. 0. 0. 300. 150. 0. 300. 300. 0. 300. 450. 0. 300. 600. 0. 300.
    750. 0. 300. 900. 0. 300. 1050. 0. 300. 1200. 0. 300. 1350. 0. 300.
    1500. 0. 450. 0. 0. 450. 150. 0. 450. 300. 0. 450. 450. 0. 450. 600.
    0. 450. 750. 0. 450. 900. 0. 450. 1050. 0. 450. 1200. 0. 450. 1350.
    0. 450. 1500. 0. 600. 0. 0. 600. 150. 0. 600. 300. 0. 600. 450. 0.
    600. 600. 0. 600. 750. 0. 600. 900. 0. 600. 1050. 0. 600. 1200. 0.
    600. 1350. 0. 600. 1500. 0. 750. 0. 0. 750. 150. 0. 750. 300. 0.
    750. 450. 0. 750. 600. 0. 750. 750. 0. 750. 900. 0. 750. 1050. 0.
    750. 1200. 0. 750. 1350. 0. 750. 1500. 0. 900. 0. 0. 900. 150. 0.
    900. 300. 0. 900. 450. 0. 900. 600. 0. 900. 750. 0. 900. 900. 0.
    900. 1050. 0. 900. 1200. 0. 900. 1350. 0. 900. 1500. 0. 1050. 0. 0.
    1050. 150. 0. 1050. 300. 0. 1050. 450. 0. 1050. 600. 0. 1050. 750.
    0. 1050. 900. 0. 1050. 1050. 0. 1050. 1200. 0. 1050. 1350. 0. 1050.
    1500. 0.</_>
  <_>
    0. 0. 0. 0. 150. 0. 0. 300. 0. 0. 450. 0. 0. 600. 0. 0. 750. 0. 0.
    900. 0. 0. 1050. 0. 0. 1200. 0. 0. 1350. 0. 0. 1500. 0. 150. 0. 0.
    150. 150. 0. 150. 300. 0. 150. 450. 0. 150. 600. 0. 150. 750. 0.
    150. 900. 0. 150. 1050. 0. 150. 1200. 0. 150. 1350. 0. 150. 1500. 0.
    300. 0. 0. 300. 150. 0. 300. 300. 0. 300. 450. 0. 300. 600. 0. 300.
    750. 0. 300. 900. 0. 300. 1050. 0. 300. 1200. 0. 300. 1350. 0. 300.
    1500. 0. 450. 0. 0. 450. 150. 0. 450. 300. 0. 450. 450. 0. 450. 600.
    0. 450. 750. 0. 450. 900. 0. 450. 1050. 0. 450. 1200. 0. 450. 1350.
    0. 450. 1500. 0. 600. 0. 0. 600. 150. 0. 600. 300. 0. 600. 450. 0.
    600. 600. 0. 600. 750. 0. 600. 900. 0. 600. 1050. 0. 600. 1200. 0.
    600. 1350. 0. 600. 1500. 0. 750. 0. 0. 750. 150. 0. 750. 300. 0.
    750. 450. 0. 750. 600. 0. 750. 750. 0. 750. 900. 0. 750. 1050. 0.
    750. 1200. 0. 750. 1350. 0. 750. 1500. 0. 900. 0. 0. 900. 150. 0.
    900. 300. 0. 900. 450. 0. 900. 600. 0. 900. 750. 0. 900. 900. 0.
    900. 1050. 0. 900. 1200. 0. 900. 1350. 0. 900. 1500. 0. 1050. 0. 0.
    1050. 150. 0. 1050. 300. 0. 1050. 450. 0. 1050. 600. 0. 1050. 750.
    0. 1050. 900. 0. 1050. 1050. 0. 1050. 1200. 0. 1050. 1350. 0. 1050.
    1500. 0.</_>
  <_>
    0. 0. 0. 0. 150. 0. 0. 300. 0. 0. 450. 0. 0. 600. 0. 0. 750. 0. 0.
    900. 0. 0. 1050. 0. 0. 1200. 0. 0. 1350. 0. 0. 1500. 0. 150. 0. 0.
    150. 150. 0. 150. 300. 0. 150. 450. 0. 150. 600. 0. 150. 750. 0.
    150. 900. 0. 150. 1050. 0. 150. 1200. 0. 150. 1350. 0. 150. 1500. 0.
    300. 0. 0. 300. 150. 0. 300. 300. 0. 300. 450. 0. 300. 600. 0. 300.
    750. 0. 300. 900. 0. 300. 1050. 0. 300. 1200. 0. 300. 1350. 0. 300.
    1500. 0. 450. 0. 0. 450. 150. 0. 450. 300. 0. 450. 450. 0. 450. 600.
    0. 450. 750. 0. 450. 900. 0. 450. 1050. 0. 450. 1200. 0. 450. 1350.
    0. 450. 1500. 0. 600. 0. 0. 600. 150. 0. 600. 300. 0. 600. 450. 0.
    600. 600. 0. 600. 750. 0. 600. 900. 0. 600. 1050. 0. 600. 1200. 0.
    600. 1350. 0. 600. 1500. 0. 750. 0. 0. 750. 150. 0. 750. 300. 0.
    750. 450. 0. 750. 600. 0. 750. 750. 0. 750. 900. 0. 750. 1050. 0.
    750. 1200. 0. 750. 1350. 0. 750. 1500. 0. 900. 0. 0. 900. 150. 0.
    900. 300. 0. 900. 450. 0. 900. 600. 0. 900. 750. 0. 900. 900. 0.
    900. 1050. 0. 900. 1200. 0. 900. 1350. 0. 900. 1500. 0. 1050. 0. 0.
    1050. 150. 0. 1050. 300. 0. 1050. 450. 0. 1050. 600. 0. 1050. 750.
    0. 1050. 900. 0. 1050. 1050. 0. 1050. 1200. 0. 1050. 1350. 0. 1050.
    1500. 0.</_>
  <_>
