<?xml version="1.0"?>
<opencv_storage>
<CameraMatrix type_id="opencv-matrix">
  <rows>3</rows>
  <cols>3</cols>
  <dt>d</dt>
  <data>
    5.0336156601460368e+02 0. 3.0854522799297217e+02 0.
    5.0306845377571324e+02 2.4483151441965560e+02 0. 0. 1.</data></CameraMatrix>
<distCoeffs type_id="opencv-matrix">
  <rows>1</rows>
  <cols>5</cols>
  <dt>d</dt>
  <data>
    8.5315304268155659e-02 -1.5642047837435943e-01
    2.6765822941697309e-04 -1.2762392695598167e-04
    -1.5195449289184945e-02</data></distCoeffs>
<calibrateImageSize>
  640 480</calibrateImageSize>
<objectPTS>
  <_>
    0. 0. 0. 0. 150. 0. 0. 300. 0. 0. 450. 0. 0. 600. 0. 0. 750. 0. 0.
    900. 0. 0. 1050. 0. 0. 1200. 0. 0. 1350. 0. 0. 1500. 0. 150. 0. 0.
    150. 150. 0. 150. 300. 0. 150. 450. 0. 150. 600. 0. 150. 750. 0.
    150. 900. 0. 150. 1050. 0. 150. 1200. 0. 150. 1350. 0. 150. 1500. 0.
    300. 0. 0. 300. 150. 0. 300. 300. 0. 300. 450. 0. 300. 600. 0. 300.
    750. 0. 300. 900. 0. 300. 1050. 0. 300. 1200. 0. 300. 1350. 0. 300.
    1500. 0. 450. 0. 0. 450. 150. 0. 450. 300. 0. 450. 450. 0. 450. 600.
    0. 450. 750. 0. 450. 900. 0. 450. 1050. 0. 450. 1200. 0. 450. 1350.
    0. 450. 1500. 0. 600. 0. 0. 600. 150. 0. 600. 300. 0. 600. 450. 0.
    600. 600. 0. 600. 750. 0. 600. 900. 0. 600. 1050. 0. 600. 1200. 0.
    600. 1350. 0. 600. 1500. 0. 750. 0. 0. 750. 150. 0. 750. 300. 0.
    750. 450. 0. 750. 600. 0. 750. 750. 0. 750. 900. 0. 750. 1050. 0.
    750. 1200. 0. 750. 1350. 0. 750. 1500. 0. 900. 0. 0. 900. 150. 0.
    900. 300. 0. 900. 450. 0. 900. 600. 0. 900. 750. 0. 900. 900. 0.
    900. 1050. 0. 900. 1200. 0. 900. 1350. 0. 900. 1500. 0. 1050. 0. 0.
    1050. 150. 0. 1050. 300. 0. 1050. 450. 0. 1050. 600. 0. 1050. 750.
    0. 1050. 900. 0. 1050. 1050. 0. 1050. 1200. 0. 1050. 1350. 0. 1050.
    1500. 0.</_>
  <_>
    0. 0. 0. 0. 150. 0. 0. 300. 0. 0. 450. 0. 0. 600. 0. 0. 750. 0. 0.
    900. 0. 0. 1050. 0. 0. 1200. 0. 0. 1350. 0. 0. 1500. 0. 150. 0. 0.
    150. 150. 0. 150. 300. 0. 150. 450. 0. 150. 600. 0. 150. 750. 0.
    150. 900. 0. 150. 1050. 0. 150. 1200. 0. 150. 1350. 0. 150. 1500. 0.
    300. 0. 0. 300. 150. 0. 300. 300. 0. 300. 450. 0. 300. 600. 0. 300.
    750. 0. 300. 900. 0. 300. 1050. 0. 300. 1200. 0. 300. 1350. 0. 300.
    1500. 0. 450. 0. 0. 450. 150. 0. 450. 300. 0. 450. 450. 0. 450. 600.
    0. 450. 750. 0. 450. 900. 0. 450. 1050. 0. 450. 1200. 0. 450. 1350.
    0. 450. 1500. 0. 600. 0. 0. 600. 150. 0. 600. 300. 0. 600. 450. 0.
    600. 600. 0. 600. 750. 0. 600. 900. 0. 600. 1050. 0. 600. 1200. 0.
    600. 1350. 0. 600. 1500. 0. 750. 0. 0. 750. 150. 0. 750. 300. 0.
    750. 450. 0. 750. 600. 0. 750. 750. 0. 750. 900. 0. 750. 1050. 0.
    750. 1200. 0. 750. 1350. 0. 750. 1500. 0. 900. 0. 0. 900. 150. 0.
    900. 300. 0. 900. 450. 0. 900. 600. 0. 900. 750. 0. 900. 900. 0.
    900. 1050. 0. 900. 1200. 0. 900. 1350. 0. 900. 1500. 0. 1050. 0. 0.
    1050. 150. 0. 1050. 300. 0. 1050. 450. 0. 1050. 600. 0. 1050. 750.
    0. 1050. 900. 0. 1050. 1050. 0. 1050. 1200. 0. 1050. 1350. 0. 1050.
    1500. 0.</_>
  <_>
    0. 0. 0. 0. 150. 0. 0. 300. 0. 0. 450. 0. 0. 600. 0. 0. 750. 0. 0.
    900. 0. 0. 1050. 0. 0. 1200. 0. 0. 1350. 0. 0. 1500. 0. 150. 0. 0.
    150. 150. 0. 150. 300. 0. 150. 450. 0. 150. 600. 0. 150. 750. 0.
    150. 900. 0. 150. 1050. 0. 150. 1200. 0. 150. 1350. 0. 150. 1500. 0.
    300. 0. 0. 300. 150. 0. 300. 300. 0. 300. 450. 0. 300. 600. 0. 300.
    750. 0. 300. 900. 0. 300. 1050. 0. 300. 1200. 0. 300. 1350. 0. 300.
    1500. 0. 450. 0. 0. 450. 150. 0. 450. 300. 0. 450. 450. 0. 450. 600.
    0. 450. 750. 0. 450. 900. 0. 450. 1050. 0. 450. 1200. 0. 450. 1350.
    0. 450. 1500. 0. 600. 0. 0. 600. 150. 0. 600. 300. 0. 600. 450. 0.
    600. 600. 0. 600. 750. 0. 600. 900. 0. 600. 1050. 0. 600. 1200. 0.
    600. 1350. 0. 600. 1500. 0. 750. 0. 0. 750. 150. 0. 750. 300. 0.
    750. 450. 0. 750. 600. 0. 750. 750. 0. 750. 900. 0. 750. 1050. 0.
    750. 1200. 0. 750. 1350. 0. 750. 1500. 0. 900. 0. 0. 900. 150. 0.
    900. 300. 0. 900. 450. 0. 900. 600. 0. 900. 750. 0. 900. 900. 0.
    900. 1050. 0. 900. 1200. 0. 900. 1350. 0. 900. 1500. 0. 1050. 0. 0.
    1050. 150. 0. 1050. 300. 0. 1050. 450. 0. 1050. 600. 0. 1050. 750.
    0. 1050. 900. 0. 1050. 1050. 0. 1050. 1200. 0. 1050. 1350. 0. 1050.
    1500. 0.</_>
  <_>
    0. 0. 0. 0. 150. 0. 0. 300. 0. 0. 450. 0. 0. 600. 0. 0. 750. 0. 0.
    900. 0. 0. 1050. 0. 0. 1200. 0. 0. 1350. 0. 0. 1500. 0. 150. 0. 0.
    150. 150. 0. 150. 300. 0. 150. 450. 0. 150. 600. 0. 150. 750. 0.
    150. 900. 0. 150. 1050. 0. 150. 1200. 0. 150. 1350. 0. 150. 1500. 0.
    300. 0. 0. 300. 150. 0. 300. 300. 0. 300. 450. 0. 300. 600. 0. 300.
    750. 0. 300. 900. 0. 300. 1050. 0. 300. 1200. 0. 300. 1350. 0. 300.
    1500. 0. 450. 0. 0. 450. 150. 0. 450. 300. 0. 450. 450. 0. 450. 600.
    0. 450. 750. 0. 450. 900. 0. 450. 1050. 0. 450. 1200. 0. 450. 1350.
    0. 450. 1500. 0. 600. 0. 0. 600. 150. 0. 600. 300. 0. 600. 450. 0.
    600. 600. 0. 600. 750. 0. 600. 900. 0. 600. 1050. 0. 600. 1200. 0.
    600. 1350. 0. 600. 1500. 0. 750. 0. 0. 750. 150. 0. 750. 300. 0.
    750. 450. 0. 750. 600. 0. 750. 750. 0. 750. 900. 0. 750. 1050. 0.
    750. 1200. 0. 750. 1350. 0. 750. 1500. 0. 900. 0. 0. 900. 150. 0.
    900. 300. 0. 900. 450. 0. 900. 600. 0. 900. 750. 0. 900. 900. 0.
    900. 1050. 0. 900. 1200. 0. 900. 1350. 0. 900. 1500. 0. 1050. 0. 0.
    1050. 150. 0. 1050. 300. 0. 1050. 450. 0. 1050. 600. 0. 1050. 750.
    0. 1050. 900. 0. 1050. 1050. 0. 1050. 1200. 0. 1050. 1350. 0. 1050.
    1500. 0.</_>
  <_>
    0. 0. 0. 0. 150. 0. 0. 300. 0. 0. 450. 0. 0. 600. 0. 0. 750. 0. 0.
    900. 0. 0. 1050. 0. 0. 1200. 0. 0. 1350. 0. 0. 1500. 0. 150. 0. 0.
    150. 150. 0. 150. 300. 0. 150. 450. 0. 150. 600. 0. 150. 750. 0.
    150. 900. 0. 150. 1050. 0. 150. 1200. 0. 150. 1350. 0. 150. 1500. 0.
    300. 0. 0. 300. 150. 0. 300. 300. 0. 300. 450. 0. 300. 600. 0. 300.
    750. 0. 300. 900. 0. 300. 1050. 0. 300. 1200. 0. 300. 1350. 0. 300.
    1500. 0. 450. 0. 0. 450. 150. 0. 450. 300. 0. 450. 450. 0. 450. 600.
    0. 450. 750. 0. 450. 900. 0. 450. 1050. 0. 450. 1200. 0. 450. 1350.
    0. 450. 1500. 0. 600. 0. 0. 600. 150. 0. 600. 300. 0. 600. 450. 0.
    600. 600. 0. 600. 750. 0. 600. 900. 0. 600. 1050. 0. 600. 1200. 0.
    600. 1350. 0. 600. 1500. 0. 750. 0. 0. 750. 150. 0. 750. 300. 0.
    750. 450. 0. 750. 600. 0. 750. 750. 0. 750. 900. 0. 750. 1050. 0.
    750. 1200. 0. 750. 1350. 0. 750. 1500. 0. 900. 0. 0. 900. 150. 0.
    900. 300. 0. 900. 450. 0. 900. 600. 0. 900. 750. 0. 900. 900. 0.
    900. 1050. 0. 900. 1200. 0. 900. 1350. 0. 900. 1500. 0. 1050. 0. 0.
    1050. 150. 0. 1050. 300. 0. 1050. 450. 0. 1050. 600. 0. 1050. 750.
    0. 1050. 900. 0. 1050. 1050. 0. 1050. 1200. 0. 1050. 1350. 0. 1050.
    1500. 0.</_>
  <_>
    0. 0. 0. 0. 150. 0. 0. 300. 0. 0. 450. 0. 0. 600. 0. 0. 750. 0. 0.
    900. 0. 0. 1050. 0. 0. 1200. 0. 0. 1350. 0. 0. 1500. 0. 150. 0. 0.
    150. 150. 0. 150. 300. 0. 150. 450. 0. 150. 600. 0. 150. 750. 0.
    150. 900. 0. 150. 1050. 0. 150. 1200. 0. 150. 1350. 0. 150. 1500. 0.
    300. 0. 0. 300. 150. 0. 300. 300. 0. 300. 450. 0. 300. 600. 0. 300.
    750. 0. 300. 900. 0. 300. 1050. 0. 300. 1200. 0. 300. 1350. 0. 300.
    1500. 0. 450. 0. 0. 450. 150. 0. 450. 300. 0. 450. 450. 0. 450. 600.
    0. 450. 750. 0. 450. 900. 0. 450. 1050. 0. 450. 1200. 0. 450. 1350.
    0. 450. 1500. 0. 600. 0. 0. 600. 150. 0. 600. 300. 0. 600. 450. 0.
    600. 600. 0. 600. 750. 0. 600. 900. 0. 600. 1050. 0. 600. 1200. 0.
    600. 1350. 0. 600. 1500. 0. 750. 0. 0. 750. 150. 0. 750. 300. 0.
    750. 450. 0. 750. 600. 0. 750. 750. 0. 750. 900. 0. 750. 1050. 0.
    750. 1200. 0. 750. 1350. 0. 750. 1500. 0. 900. 0. 0. 900. 150. 0.
    900. 300. 0. 900. 450. 0. 900. 600. 0. 900. 750. 0. 900. 900. 0.
    900. 1050. 0. 900. 1200. 0. 900. 1350. 0. 900. 1500. 0. 1050. 0. 0.
    1050. 150. 0. 1050. 300. 0. 1050. 450. 0. 1050. 600. 0. 1050. 750.
    0. 1050. 900. 0. 1050. 1050. 0. 1050. 1200. 0. 1050. 1350. 0. 1050.
    1500. 0.</_>
  <_>
