<?xml version="1.0"?>
<opencv_storage>
<CameraMatrix type_id="opencv-matrix">
  <rows>3</rows>
  <cols>3</cols>
  <dt>d</dt>
  <data>
    2.2807888671230930e+03 0. 1.3251142977757002e+03 0.
    2.2924514974080444e+03 1.0447628536518782e+03 0. 0. 1.</data></CameraMatrix>
<distCoeffs type_id="opencv-matrix">
  <rows>1</rows>
  <cols>5</cols>
  <dt>d</dt>
  <data>
    -1.0514169221501568e-01 7.7562998442237865e-02
    -2.3781248607016607e-03 2.3507865466989336e-03
    1.4676902644094930e-01</data></distCoeffs>
<calibrateImageSize>
  2592 1944</calibrateImageSize>
<objectPTS>
  <_>
    0. 0. 0. 0. 15. 0. 0. 30. 0. 0. 45. 0. 0. 60. 0. 0. 75. 0. 0. 90. 0.
    0. 105. 0. 0. 120. 0. 0. 135. 0. 0. 150. 0. 15. 0. 0. 15. 15. 0. 15.
    30. 0. 15. 45. 0. 15. 60. 0. 15. 75. 0. 15. 90. 0. 15. 105. 0. 15.
    120. 0. 15. 135. 0. 15. 150. 0. 30. 0. 0. 30. 15. 0. 30. 30. 0. 30.
    45. 0. 30. 60. 0. 30. 75. 0. 30. 90. 0. 30. 105. 0. 30. 120. 0. 30.
    135. 0. 30. 150. 0. 45. 0. 0. 45. 15. 0. 45. 30. 0. 45. 45. 0. 45.
    60. 0. 45. 75. 0. 45. 90. 0. 45. 105. 0. 45. 120. 0. 45. 135. 0. 45.
    150. 0. 60. 0. 0. 60. 15. 0. 60. 30. 0. 60. 45. 0. 60. 60. 0. 60.
    75. 0. 60. 90. 0. 60. 105. 0. 60. 120. 0. 60. 135. 0. 60. 150. 0.
    75. 0. 0. 75. 15. 0. 75. 30. 0. 75. 45. 0. 75. 60. 0. 75. 75. 0. 75.
    90. 0. 75. 105. 0. 75. 120. 0. 75. 135. 0. 75. 150. 0. 90. 0. 0. 90.
    15. 0. 90. 30. 0. 90. 45. 0. 90. 60. 0. 90. 75. 0. 90. 90. 0. 90.
    105. 0. 90. 120. 0. 90. 135. 0. 90. 150. 0. 105. 0. 0. 105. 15. 0.
    105. 30. 0. 105. 45. 0. 105. 60. 0. 105. 75. 0. 105. 90. 0. 105.
    105. 0. 105. 120. 0. 105. 135. 0. 105. 150. 0.</_>
  <_>
    0. 0. 0. 0. 15. 0. 0. 30. 0. 0. 45. 0. 0. 60. 0. 0. 75. 0. 0. 90. 0.
    0. 105. 0. 0. 120. 0. 0. 135. 0. 0. 150. 0. 15. 0. 0. 15. 15. 0. 15.
    30. 0. 15. 45. 0. 15. 60. 0. 15. 75. 0. 15. 90. 0. 15. 105. 0. 15.
    120. 0. 15. 135. 0. 15. 150. 0. 30. 0. 0. 30. 15. 0. 30. 30. 0. 30.
    45. 0. 30. 60. 0. 30. 75. 0. 30. 90. 0. 30. 105. 0. 30. 120. 0. 30.
    135. 0. 30. 150. 0. 45. 0. 0. 45. 15. 0. 45. 30. 0. 45. 45. 0. 45.
    60. 0. 45. 75. 0. 45. 90. 0. 45. 105. 0. 45. 120. 0. 45. 135. 0. 45.
    150. 0. 60. 0. 0. 60. 15. 0. 60. 30. 0. 60. 45. 0. 60. 60. 0. 60.
    75. 0. 60. 90. 0. 60. 105. 0. 60. 120. 0. 60. 135. 0. 60. 150. 0.
    75. 0. 0. 75. 15. 0. 75. 30. 0. 75. 45. 0. 75. 60. 0. 75. 75. 0. 75.
    90. 0. 75. 105. 0. 75. 120. 0. 75. 135. 0. 75. 150. 0. 90. 0. 0. 90.
    15. 0. 90. 30. 0. 90. 45. 0. 90. 60. 0. 90. 75. 0. 90. 90. 0. 90.
    105. 0. 90. 120. 0. 90. 135. 0. 90. 150. 0. 105. 0. 0. 105. 15. 0.
    105. 30. 0. 105. 45. 0. 105. 60. 0. 105. 75. 0. 105. 90. 0. 105.
    105. 0. 105. 120. 0. 105. 135. 0. 105. 150. 0.</_>
  <_>
    0. 0. 0. 0. 15. 0. 0. 30. 0. 0. 45. 0. 0. 60. 0. 0. 75. 0. 0. 90. 0.
    0. 105. 0. 0. 120. 0. 0. 135. 0. 0. 150. 0. 15. 0. 0. 15. 15. 0. 15.
    30. 0. 15. 45. 0. 15. 60. 0. 15. 75. 0. 15. 90. 0. 15. 105. 0. 15.
    120. 0. 15. 135. 0. 15. 150. 0. 30. 0. 0. 30. 15. 0. 30. 30. 0. 30.
    45. 0. 30. 60. 0. 30. 75. 0. 30. 90. 0. 30. 105. 0. 30. 120. 0. 30.
    135. 0. 30. 150. 0. 45. 0. 0. 45. 15. 0. 45. 30. 0. 45. 45. 0. 45.
    60. 0. 45. 75. 0. 45. 90. 0. 45. 105. 0. 45. 120. 0. 45. 135. 0. 45.
    150. 0. 60. 0. 0. 60. 15. 0. 60. 30. 0. 60. 45. 0. 60. 60. 0. 60.
    75. 0. 60. 90. 0. 60. 105. 0. 60. 120. 0. 60. 135. 0. 60. 150. 0.
    75. 0. 0. 75. 15. 0. 75. 30. 0. 75. 45. 0. 75. 60. 0. 75. 75. 0. 75.
    90. 0. 75. 105. 0. 75. 120. 0. 75. 135. 0. 75. 150. 0. 90. 0. 0. 90.
    15. 0. 90. 30. 0. 90. 45. 0. 90. 60. 0. 90. 75. 0. 90. 90. 0. 90.
    105. 0. 90. 120. 0. 90. 135. 0. 90. 150. 0. 105. 0. 0. 105. 15. 0.
    105. 30. 0. 105. 45. 0. 105. 60. 0. 105. 75. 0. 105. 90. 0. 105.
    105. 0. 105. 120. 0. 105. 135. 0. 105. 150. 0.</_>
  <_>
    0. 0. 0. 0. 15. 0. 0. 30. 0. 0. 45. 0. 0. 60. 0. 0. 75. 0. 0. 90. 0.
    0. 105. 0. 0. 120. 0. 0. 135. 0. 0. 150. 0. 15. 0. 0. 15. 15. 0. 15.
    30. 0. 15. 45. 0. 15. 60. 0. 15. 75. 0. 15. 90. 0. 15. 105. 0. 15.
    120. 0. 15. 135. 0. 15. 150. 0. 30. 0. 0. 30. 15. 0. 30. 30. 0. 30.
    45. 0. 30. 60. 0. 30. 75. 0. 30. 90. 0. 30. 105. 0. 30. 120. 0. 30.
    135. 0. 30. 150. 0. 45. 0. 0. 45. 15. 0. 45. 30. 0. 45. 45. 0. 45.
    60. 0. 45. 75. 0. 45. 90. 0. 45. 105. 0. 45. 120. 0. 45. 135. 0. 45.
    150. 0. 60. 0. 0. 60. 15. 0. 60. 30. 0. 60. 45. 0. 60. 60. 0. 60.
    75. 0. 60. 90. 0. 60. 105. 0. 60. 120. 0. 60. 135. 0. 60. 150. 0.
    75. 0. 0. 75. 15. 0. 75. 30. 0. 75. 45. 0. 75. 60. 0. 75. 75. 0. 75.
    90. 0. 75. 105. 0. 75. 120. 0. 75. 135. 0. 75. 150. 0. 90. 0. 0. 90.
    15. 0. 90. 30. 0. 90. 45. 0. 90. 60. 0. 90. 75. 0. 90. 90. 0. 90.
    105. 0. 90. 120. 0. 90. 135. 0. 90. 150. 0. 105. 0. 0. 105. 15. 0.
    105. 30. 0. 105. 45. 0. 105. 60. 0. 105. 75. 0. 105. 90. 0. 105.
    105. 0. 105. 120. 0. 105. 135. 0. 105. 150. 0.</_>
  <_>
    0. 0. 0. 0. 15. 0. 0. 30. 0. 0. 45. 0. 0. 60. 0. 0. 75. 0. 0. 90. 0.
    0. 105. 0. 0. 120. 0. 0. 135. 0. 0. 150. 0. 15. 0. 0. 15. 15. 0. 15.
    30. 0. 15. 45. 0. 15. 60. 0. 15. 75. 0. 15. 90. 0. 15. 105. 0. 15.
    120. 0. 15. 135. 0. 15. 150. 0. 30. 0. 0. 30. 15. 0. 30. 30. 0. 30.
    45. 0. 30. 60. 0. 30. 75. 0. 30. 90. 0. 30. 105. 0. 30. 120. 0. 30.
    135. 0. 30. 150. 0. 45. 0. 0. 45. 15. 0. 45. 30. 0. 45. 45. 0. 45.
    60. 0. 45. 75. 0. 45. 90. 0. 45. 105. 0. 45. 120. 0. 45. 135. 0. 45.
    150. 0. 60. 0. 0. 60. 15. 0. 60. 30. 0. 60. 45. 0. 60. 60. 0. 60.
    75. 0. 60. 90. 0. 60. 105. 0. 60. 120. 0. 60. 135. 0. 60. 150. 0.
    75. 0. 0. 75. 15. 0. 75. 30. 0. 75. 45. 0. 75. 60. 0. 75. 75. 0. 75.
    90. 0. 75. 105. 0. 75. 120. 0. 75. 135. 0. 75. 150. 0. 90. 0. 0. 90.
    15. 0. 90. 30. 0. 90. 45. 0. 90. 60. 0. 90. 75. 0. 90. 90. 0. 90.
    105. 0. 90. 120. 0. 90. 135. 0. 90. 150. 0. 105. 0. 0. 105. 15. 0.
    105. 30. 0. 105. 45. 0. 105. 60. 0. 105. 75. 0. 105. 90. 0. 105.
    105. 0. 105. 120. 0. 105. 135. 0. 105. 150. 0.</_>
  <_>
    0. 0. 0. 0. 15. 0. 0. 30. 0. 0. 45. 0. 0. 60. 0. 0. 75. 0. 0. 90. 0.
    0. 105. 0. 0. 120. 0. 0. 135. 0. 0. 150. 0. 15. 0. 0. 15. 15. 0. 15.
    30. 0. 15. 45. 0. 15. 60. 0. 15. 75. 0. 15. 90. 0. 15. 105. 0. 15.
    120. 0. 15. 135. 0. 15. 150. 0. 30. 0. 0. 30. 15. 0. 30. 30. 0. 30.
    45. 0. 30. 60. 0. 30. 75. 0. 30. 90. 0. 30. 105. 0. 30. 120. 0. 30.
    135. 0. 30. 150. 0. 45. 0. 0. 45. 15. 0. 45. 30. 0. 45. 45. 0. 45.
    60. 0. 45. 75. 0. 45. 90. 0. 45. 105. 0. 45. 120. 0. 45. 135. 0. 45.
    150. 0. 60. 0. 0. 60. 15. 0. 60. 30. 0. 60. 45. 0. 60. 60. 0. 60.
    75. 0. 60. 90. 0. 60. 105. 0. 60. 120. 0. 60. 135. 0. 60. 150. 0.
    75. 0. 0. 75. 15. 0. 75. 30. 0. 75. 45. 0. 75. 60. 0. 75. 75. 0. 75.
    90. 0. 75. 105. 0. 75. 120. 0. 75. 135. 0. 75. 150. 0. 90. 0. 0. 90.
    15. 0. 90. 30. 0. 90. 45. 0. 90. 60. 0. 90. 75. 0. 90. 90. 0. 90.
    105. 0. 90. 120. 0. 90. 135. 0. 90. 150. 0. 105. 0. 0. 105. 15. 0.
    105. 30. 0. 105. 45. 0. 105. 60. 0. 105. 75. 0. 105. 90. 0. 105.
    105. 0. 105. 120. 0. 105. 135. 0. 105. 150. 0.</_>
  <_>
    0. 0. 0. 0. 15. 0. 0. 30. 0. 0. 45. 0. 0. 60. 0. 0. 75. 0. 0. 90. 0.
    0. 105. 0. 0. 120. 0. 0. 135. 0. 0. 150. 0. 15. 0. 0. 15. 15. 0. 15.
    30. 0. 15. 45. 0. 15. 60. 0. 15. 75. 0. 15. 90. 0. 15. 105. 0. 15.
    120. 0. 15. 135. 0. 15. 150. 0. 30. 0. 0. 30. 15. 0. 30. 30. 0. 30.
    45. 0. 30. 60. 0. 30. 75. 0. 30. 90. 0. 30. 105. 0. 30. 120. 0. 30.
    135. 0. 30. 150. 0. 45. 0. 0. 45. 15. 0. 45. 30. 0. 45. 45. 0. 45.
    60. 0. 45. 75. 0. 45. 90. 0. 45. 105. 0. 45. 120. 0. 45. 135. 0. 45.
    150. 0. 60. 0. 0. 60. 15. 0. 60. 30. 0. 60. 45. 0. 60. 60. 0. 60.
    75. 0. 60. 90. 0. 60. 105. 0. 60. 120. 0. 60. 135. 0. 60. 150. 0.
    75. 0. 0. 75. 15. 0. 75. 30. 0. 75. 45. 0. 75. 60. 0. 75. 75. 0. 75.
    90. 0. 75. 105. 0. 75. 120. 0. 75. 135. 0. 75. 150. 0. 90. 0. 0. 90.
    15. 0. 90. 30. 0. 90. 45. 0. 90. 60. 0. 90. 75. 0. 90. 90. 0. 90.
    105. 0. 90. 120. 0. 90. 135. 0. 90. 150. 0. 105. 0. 0. 105. 15. 0.
    105. 30. 0. 105. 45. 0. 105. 60. 0. 105. 75. 0. 105. 90. 0. 105.
